[0.37868056500968317, 0.73570670315148778, 0.36499227582783633, 0.64729393444952443]
[-0.23804740263535368, 0.59819739583349429, 0.36874118911038939, 0.44406361776896014]
[-0.86864059748529199, 0.22528537253336101, 0.047261792206415694, 0.66261563663738221]
[-0.37933371939594002, 0.59701803352045169, 0.12330710211539161, 0.44459745077881613]
[-0.11967041070785478, 0.53327408360284856, 0.0020871004368277334, 0.31035826276819928]
[0.14338321350428018, 0.9949246835865132, 0.095310597589498877, 0.47425998194313773]
[0.74140030151234471, 0.18066538066533883, 0.033604222021164136, 0.58153789999894057]
[-0.14641970615964159, 1.0, 0.87861907531448513, 0.2889909845589384]
[0.89690707109622059, 0.29234590448241715, 0.17526012369096758, 0.15820473159561385]
[0.4107800436789566, 0.90628310208408136, 0.63895674659490553, 0.57302891974563375]
